[
        [0., 1011., 660.], # person
        [0., 1060., 660.], # person
        [0., 1011., 1060.], # 
        [0., 1080., 1060.], # 
        [0., 1412., 908.],
        [0., 1400., 880.],
        [0., 130., 625.],   # exit
        [0., 808., 928.],
        [0., 764., 948.],
        [0., 686., 567.], # static car
        [0., 606., 630.], # static car
        [4., 985., 512.],
        [4., 990., 568.],
        [4., 1178., 568.],
        [140., 775., 480.],
        [140., 775., 500.],
        [140., 775., 530.],
    ]